[[1,2,3],[4,5,5]]
[[1,2,3],[4,5,5]]
[[  2.   4.   6.]
 [  8.  10.  10.]]
[[1,2,3],[4,5,5]]
[[1,2,3],[4,5,5]]
[[ 0.  0.  0.]
 [ 0.  0.  0.]]
[[1,2,3],[4,5,8],[4,9,8]]
[[2],[7],[9]]
[[ 1.375]
 [ 0.5  ]
 [-0.125]]
[[1,2,3],[4,5,8],[4,9,8]]
16.0
[[1,2,3],[4,5,8],[4,9,8]]
[[-2.      0.6875  0.0625]
 [ 0.     -0.25    0.25  ]
 [ 1.     -0.0625 -0.1875]]
sin(x)x^2
[2,1]
1.97260236111
sin(x)x^2
x
(sin(x)*(2*x)+(x^2)*cos(x))
x^2+2x+1
x+1
('1.0x^1+1.0x^0', '0')
sin(x)x^2+cos(x)
[2,3]
2.53928193554
x^2+4cos(x)
[8,2,8]
58.0891525715
x^2+4cos(x)
[8,2,8]
58.0163839703
[[1,2],[5,6],[7,0],[4,5]]
1
3.98666666667x^0-0.173333333333x^1
sin(x)+cos(x)
[1,2]
[]
sin(x)+cos(x)
[1,5]
[2.356666666666668]
